trial_value_id,trial_id,objective,value,value_type
1,1,0,1000.0,FINITE
2,2,0,990.909090909091,FINITE
3,3,0,1000.0,FINITE
4,4,0,1000.0,FINITE
5,5,0,1000.0,FINITE
6,6,0,1000.0,FINITE
7,7,0,1000.0,FINITE
8,8,0,1000.0,FINITE
9,9,0,883.000405348795,FINITE
10,10,0,1000.0,FINITE
11,11,0,1000.0,FINITE
12,12,0,1000.0,FINITE
13,13,0,909.709693144714,FINITE
14,14,0,1000.0,FINITE
15,15,0,811.613638473015,FINITE
16,16,0,255.172785000484,FINITE
17,17,0,573.282276690038,FINITE
18,18,0,936.706342973552,FINITE
19,19,0,1000.0,FINITE
20,20,0,1000.0,FINITE
21,21,0,1000.0,FINITE
22,22,0,927.728557653344,FINITE
23,23,0,567.258051369363,FINITE
24,24,0,1000.0,FINITE
25,25,0,1000.0,FINITE
26,26,0,963.930315730527,FINITE
27,27,0,990.909090909091,FINITE
28,28,0,1000.0,FINITE
29,29,0,1000.0,FINITE
30,30,0,1000.0,FINITE
31,31,0,1000.0,FINITE
32,32,0,893.008686885605,FINITE
33,33,0,518.865104196824,FINITE
34,34,0,446.81707425481,FINITE
35,35,0,1000.0,FINITE
36,36,0,1000.0,FINITE
37,37,0,1000.0,FINITE
38,38,0,942.129435423718,FINITE
39,39,0,973.289241087362,FINITE
40,40,0,1000.0,FINITE
41,41,0,1000.0,FINITE
42,42,0,1000.0,FINITE
43,43,0,969.664248007966,FINITE
44,44,0,409.760969625457,FINITE
45,45,0,1016.75048368976,FINITE
46,46,0,573.189799153317,FINITE
47,47,0,1000.0,FINITE
48,48,0,985.398055412804,FINITE
49,49,0,391.452442649366,FINITE
50,50,0,990.909090909091,FINITE
51,51,0,1000.0,FINITE
52,52,0,318.987054114958,FINITE
53,53,0,1000.0,FINITE
54,54,0,445.964392387553,FINITE
55,55,0,1000.0,FINITE
56,56,0,673.34740630232,FINITE
57,57,0,464.26734457576,FINITE
58,58,0,1000.0,FINITE
59,59,0,1000.0,FINITE
60,60,0,813.660094147571,FINITE
61,61,0,1000.0,FINITE
62,63,0,1000.0,FINITE
63,64,0,869.115355959217,FINITE
64,65,0,1000.0,FINITE
65,66,0,1000.0,FINITE
66,68,0,1000.0,FINITE
67,69,0,110.594676868082,FINITE
68,70,0,73.8596971612175,FINITE
69,71,0,110.190516501974,FINITE
70,72,0,46.9873570895042,FINITE
71,73,0,210.534107642709,FINITE
72,74,0,73.971649388933,FINITE
73,75,0,37.5292903203279,FINITE
74,76,0,193.417897220865,FINITE
75,77,0,132.46884182688,FINITE
76,78,0,83.2352890818458,FINITE
77,79,0,175.271741053815,FINITE
78,80,0,37.7323769381662,FINITE
79,81,0,46.7888268023464,FINITE
80,82,0,306.843189933673,FINITE
81,83,0,84.4980117580785,FINITE
82,84,0,185.942936493829,FINITE
83,85,0,37.7704534280665,FINITE
84,86,0,37.5465897476965,FINITE
85,87,0,46.3078623090194,FINITE
86,88,0,37.6241076824047,FINITE
87,89,0,36.9506765674651,FINITE
88,90,0,37.3505447159029,FINITE
89,91,0,43.058594108249,FINITE
90,92,0,36.7211579663046,FINITE
91,93,0,37.1253166481807,FINITE
92,94,0,46.5045562359452,FINITE
93,95,0,36.8023270771165,FINITE
94,96,0,47.778066385521,FINITE
95,97,0,64.4876936891654,FINITE
